lastAccountName: laomianyang
timestamps:
  login: 1667754619018
  lastteleport: 1667753932263
  logout: 1667760972869
ipAddress: 192.168.1.71
money: '2160900.0'
lastlocation:
  world: world_surface
  x: 4602.665633449994
  y: 105.0
  z: -500.52024596174454
  yaw: 62.402622
  pitch: 30.300135
logoutlocation:
  world: world_surface
  x: -1749.6032706675499
  y: 127.99190347658063
  z: 5196.742720229432
  yaw: -169.3507
  pitch: 42.75003
godmode: false
