lastAccountName: laomianyang
timestamps:
  login: 1668291959318
  lastteleport: 1668290423507
  logout: 1668293572130
ipAddress: 192.168.1.71
money: '1002342'
lastlocation:
  world: world_cavern
  x: -1625.334271527511
  y: 11.840227945257777
  z: 1071.7474056934827
  yaw: 294.45184
  pitch: -7.199988
logoutlocation:
  world: world_underworld
  x: -4163.695964836651
  y: 64.39428129264911
  z: 4621.319728308969
  yaw: 169.1286
  pitch: 22.65009
godmode: false
