lastAccountName: laomianyang
timestamps:
  login: 1667685892337
  lastteleport: 1667680040781
  logout: 1667685817723
ipAddress: 192.168.1.68
money: '2160900.0'
lastlocation:
  world: world_cavern
  x: -882.1821622152767
  y: 186.72265408052425
  z: 1467.3028755792996
  yaw: 6.44751
  pitch: 16.799913
logoutlocation:
  world: world_surface
  x: 1462.2175030398016
  y: 77.5022663325916
  z: 230.03792599549746
  yaw: 270.3
  pitch: 86.54998
godmode: false
