lastAccountName: laomianyang
timestamps:
  login: 1668041612376
  lastteleport: 1667974252643
  logout: 1668042153816
ipAddress: 192.168.1.71
money: '1002342'
lastlocation:
  world: world_surface
  x: -63.5
  y: 2.0
  z: 708.5
  yaw: 0.0
  pitch: 0.0
logoutlocation:
  world: world_cavern
  x: -1643.2378946183387
  y: 16.461599120367303
  z: 1055.135969078594
  yaw: -254.70282
  pitch: 26.54995
godmode: false
