lastAccountName: laomianyang
timestamps:
  login: 1667771226109
  lastteleport: 1667770199121
  logout: 1667771266261
ipAddress: 192.168.1.71
money: '1002342'
lastlocation:
  world: world_surface
  x: -195.63273155994773
  y: 100.0
  z: 258.8590434199889
  yaw: 238.80695
  pitch: 23.700111
logoutlocation:
  world: world_surface
  x: -239.27030570664758
  y: 100.0
  z: 286.7900389821414
  yaw: 87.604706
  pitch: 23.70008
godmode: false
