# Made in Blockbench 4.10.4
mtllib CustomModel.mtl

o cube
v -0.28125000000000294 1.0194708474905245 0.08648875439127457
v -0.28125000000000455 1.2836072610784628 0.6529311212891802
v -0.2812499999999993 0.4530284805926188 0.3506251679792127
v -0.2812500000000009 0.7171648941805571 0.9170675348771185
v 0.34374999999999545 1.2836072610784668 0.6529311212891802
v 0.3437499999999971 1.0194708474905285 0.08648875439127446
v 0.3437499999999991 0.7171648941805611 0.9170675348771185
v 0.34375000000000067 0.4530284805926228 0.3506251679792127
vt 0.390625 0.3671875
vt 0.453125 0.3671875
vt 0.453125 0.3046875
vt 0.390625 0.3046875
vt 0.328125 0.3671875
vt 0.390625 0.3671875
vt 0.390625 0.3046875
vt 0.328125 0.3046875
vt 0.515625 0.3671875
vt 0.578125 0.3671875
vt 0.578125 0.3046875
vt 0.515625 0.3046875
vt 0.453125 0.3671875
vt 0.515625 0.3671875
vt 0.515625 0.3046875
vt 0.453125 0.3046875
vt 0.453125 0.3671875
vt 0.390625 0.3671875
vt 0.390625 0.4296875
vt 0.453125 0.4296875
vt 0.515625 0.4296875
vt 0.453125 0.4296875
vt 0.453125 0.3671875
vt 0.515625 0.3671875
vn 0 0.42261826174070105 0.9063077870366492
vn -1 0 0
vn 0 -0.42261826174070105 -0.9063077870366492
vn 1 0 0
vn 0 0.9063077870366492 -0.42261826174070105
vn 0 -0.9063077870366492 0.42261826174070105
usemtl m_d3fa9dd5-3e9e-ab31-450a-a575b78dccb0
f 4/4/1 7/3/1 5/2/1 2/1/1
f 3/8/2 4/7/2 2/6/2 1/5/2
f 8/12/3 3/11/3 1/10/3 6/9/3
f 7/16/4 8/15/4 6/14/4 5/13/4
f 6/20/5 1/19/5 2/18/5 5/17/5
f 7/24/6 4/23/6 3/22/6 8/21/6
o cube
v -0.47409965511480867 0.8163803177006577 0.11128318932497694
v -0.7758763504114461 0.7511172215906319 0.5045662355677232
v -0.4343699994653352 0.3206578870137524 0.05950649402834085
v -0.7361466947619726 0.25539479090372685 0.4527895402710871
v -0.37919968026582906 0.751117221590633 0.8089469500720841
v -0.07742298496919164 0.8163803177006586 0.41566390382933793
v -0.3394700246163556 0.25539479090372774 0.757170254775448
v -0.037693329319718194 0.3206578870137533 0.36388720853270184
vt 0.390625 0.3671875
vt 0.453125 0.3671875
vt 0.453125 0.3046875
vt 0.390625 0.3046875
vt 0.328125 0.3671875
vt 0.390625 0.3671875
vt 0.390625 0.3046875
vt 0.328125 0.3046875
vt 0.515625 0.3671875
vt 0.578125 0.3671875
vt 0.578125 0.3046875
vt 0.515625 0.3046875
vt 0.453125 0.3671875
vt 0.515625 0.3671875
vt 0.515625 0.3046875
vt 0.453125 0.3046875
vt 0.453125 0.3671875
vt 0.390625 0.3671875
vt 0.390625 0.4296875
vt 0.453125 0.4296875
vt 0.515625 0.4296875
vt 0.453125 0.4296875
vt 0.453125 0.3671875
vt 0.515625 0.3671875
vn -0.603553390593275 -0.13052619222005118 0.7865660924854921
vn -0.7933533402912342 0 -0.6087614290087219
vn 0.603553390593275 0.13052619222005118 -0.7865660924854921
vn 0.7933533402912342 0 0.6087614290087219
vn -0.07945931129894696 0.9914448613738105 0.1035533905932722
vn 0.07945931129894696 -0.9914448613738105 -0.1035533905932722
usemtl m_d3fa9dd5-3e9e-ab31-450a-a575b78dccb0
f 12/28/7 15/27/7 13/26/7 10/25/7
f 11/32/8 12/31/8 10/30/8 9/29/8
f 16/36/9 11/35/9 9/34/9 14/33/9
f 15/40/10 16/39/10 14/38/10 13/37/10
f 14/44/11 9/43/11 10/42/11 13/41/11
f 15/48/12 12/47/12 11/46/12 16/45/12
o cube
v 0.13992298496919287 0.8163803177006588 0.41566390382933693
v 0.4416996802658302 0.7511172215906332 0.808946950072083
v 0.10019332931971825 0.32065788701375353 0.36388720853270184
v 0.40197002461635545 0.25539479090372796 0.757170254775448
v 0.8383763504114472 0.7511172215906308 0.5045662355677223
v 0.5365996551148098 0.8163803177006561 0.11128318932497594
v 0.7986466947619726 0.2553947909037255 0.4527895402710871
v 0.49686999946533517 0.320657887013751 0.05950649402834096
vt 0.453125 0.4921875
vt 0.515625 0.4921875
vt 0.515625 0.4296875
vt 0.453125 0.4296875
vt 0.390625 0.4921875
vt 0.453125 0.4921875
vt 0.453125 0.4296875
vt 0.390625 0.4296875
vt 0.578125 0.4921875
vt 0.640625 0.4921875
vt 0.640625 0.4296875
vt 0.578125 0.4296875
vt 0.515625 0.4921875
vt 0.578125 0.4921875
vt 0.578125 0.4296875
vt 0.515625 0.4296875
vt 0.515625 0.4921875
vt 0.453125 0.4921875
vt 0.453125 0.5546875
vt 0.515625 0.5546875
vt 0.578125 0.5546875
vt 0.515625 0.5546875
vt 0.515625 0.4921875
vt 0.578125 0.4921875
vn 0.6035533905932746 -0.130526192220051 0.7865660924854926
vn -0.7933533402912342 0 0.6087614290087221
vn -0.6035533905932746 0.130526192220051 -0.7865660924854926
vn 0.7933533402912342 0 -0.6087614290087221
vn 0.07945931129894936 0.9914448613738105 0.10355339059327015
vn -0.07945931129894936 -0.9914448613738105 -0.10355339059327015
usemtl m_d3fa9dd5-3e9e-ab31-450a-a575b78dccb0
f 20/52/13 23/51/13 21/50/13 18/49/13
f 19/56/14 20/55/14 18/54/14 17/53/14
f 24/60/15 19/59/15 17/58/15 22/57/15
f 23/64/16 24/63/16 22/62/16 21/61/16
f 22/68/17 17/67/17 18/66/17 21/65/17
f 23/72/18 20/71/18 19/70/18 24/69/18
o cube
v 0.5625 0.6875 0.5625
v 0.5625 0.6875 -0.9375
v 0.5625 0 0.5625
v 0.5625 0 -0.9375
v -0.5 0.6875 -0.9375
v -0.5 0.6875 0.5625
v -0.5 0 -0.9375
v -0.5 0 0.5625
vt 0.1875 0.8125
vt 0.3203125 0.8125
vt 0.3203125 0.7265625
vt 0.1875 0.7265625
vt 0 0.8125
vt 0.1875 0.8125
vt 0.1875 0.7265625
vt 0 0.7265625
vt 0.5078125 0.8125
vt 0.640625 0.8125
vt 0.640625 0.7265625
vt 0.5078125 0.7265625
vt 0.3203125 0.8125
vt 0.5078125 0.8125
vt 0.5078125 0.7265625
vt 0.3203125 0.7265625
vt 0.3203125 0.8125
vt 0.1875 0.8125
vt 0.1875 1
vt 0.3203125 1
vt 0.453125 1
vt 0.3203125 1
vt 0.3203125 0.8125
vt 0.453125 0.8125
vn 0 0 -1
vn 1 0 0
vn 0 0 1
vn -1 0 0
vn 0 1 0
vn 0 -1 0
usemtl m_d3fa9dd5-3e9e-ab31-450a-a575b78dccb0
f 28/76/19 31/75/19 29/74/19 26/73/19
f 27/80/20 28/79/20 26/78/20 25/77/20
f 32/84/21 27/83/21 25/82/21 30/81/21
f 31/88/22 32/87/22 30/86/22 29/85/22
f 30/92/23 25/91/23 26/90/23 29/89/23
f 31/96/24 28/95/24 27/94/24 32/93/24
o cube
v 0.6612286076733573 0.625 -0.19238581964819534
v 0.9960766109928108 0.625 -1.0007804105955713
v 0.6612286076733573 0 -0.19238581964819534
v 0.9960766109928108 0 -1.0007804105955713
v 0.8805916694288998 0.625 -1.0486158396412075
v 0.5457436661094464 0.625 -0.24022124869383155
v 0.8805916694288998 0 -1.0486158396412075
v 0.5457436661094464 0 -0.24022124869383155
vt 0.109375 0.5546875
vt 0.125 0.5546875
vt 0.125 0.4765625
vt 0.109375 0.4765625
vt 0 0.5546875
vt 0.109375 0.5546875
vt 0.109375 0.4765625
vt 0 0.4765625
vt 0.234375 0.5546875
vt 0.25 0.5546875
vt 0.25 0.4765625
vt 0.234375 0.4765625
vt 0.125 0.5546875
vt 0.234375 0.5546875
vt 0.234375 0.4765625
vt 0.125 0.4765625
vt 0.125 0.5546875
vt 0.109375 0.5546875
vt 0.109375 0.6640625
vt 0.125 0.6640625
vt 0.140625 0.6640625
vt 0.125 0.6640625
vt 0.125 0.5546875
vt 0.140625 0.5546875
vn 0.3826834323650897 0 -0.9238795325112867
vn 0.9238795325112867 0 0.3826834323650897
vn -0.3826834323650897 0 0.9238795325112867
vn -0.9238795325112867 0 -0.3826834323650897
vn 0 1 0
vn 0 -1 0
usemtl m_d3fa9dd5-3e9e-ab31-450a-a575b78dccb0
f 36/100/25 39/99/25 37/98/25 34/97/25
f 35/104/26 36/103/26 34/102/26 33/101/26
f 40/108/27 35/107/27 33/106/27 38/105/27
f 39/112/28 40/111/28 38/110/28 37/109/28
f 38/116/29 33/115/29 34/114/29 37/113/29
f 39/120/30 36/119/30 35/118/30 40/117/30
o cube
v -1.0119988046725088 0.625 -0.9858610367833502
v -0.6771508013530552 0.625 -0.17746644583597426
v -1.0119988046725088 0 -0.9858610367833502
v -0.6771508013530552 0 -0.17746644583597426
v -0.5616658597891444 0.625 -0.22530187488161046
v -0.896513863108598 0.625 -1.0336964658289864
v -0.5616658597891444 0 -0.22530187488161046
v -0.896513863108598 0 -1.0336964658289864
vt 0.25 0.4453125
vt 0.265625 0.4453125
vt 0.265625 0.3671875
vt 0.25 0.3671875
vt 0.140625 0.4453125
vt 0.25 0.4453125
vt 0.25 0.3671875
vt 0.140625 0.3671875
vt 0.375 0.4453125
vt 0.390625 0.4453125
vt 0.390625 0.3671875
vt 0.375 0.3671875
vt 0.265625 0.4453125
vt 0.375 0.4453125
vt 0.375 0.3671875
vt 0.265625 0.3671875
vt 0.265625 0.4453125
vt 0.25 0.4453125
vt 0.25 0.5546875
vt 0.265625 0.5546875
vt 0.28125 0.5546875
vt 0.265625 0.5546875
vt 0.265625 0.4453125
vt 0.28125 0.4453125
vn 0.3826834323650899 0 0.9238795325112867
vn -0.9238795325112867 0 0.3826834323650899
vn -0.3826834323650899 0 -0.9238795325112867
vn 0.9238795325112867 0 -0.3826834323650899
vn 0 1 0
vn 0 -1 0
usemtl m_d3fa9dd5-3e9e-ab31-450a-a575b78dccb0
f 44/124/31 47/123/31 45/122/31 42/121/31
f 43/128/32 44/127/32 42/126/32 41/125/32
f 48/132/33 43/131/33 41/130/33 46/129/33
f 47/136/34 48/135/34 46/134/34 45/133/34
f 46/140/35 41/139/35 42/138/35 45/137/35
f 47/144/36 44/143/36 43/142/36 48/141/36
o cube
v 1.4950202063723204 0.04136891657200792 1.0385585580069854
v 1.2111897795113353 0.4548393908903834 -0.2417177620328913
v 1.4950202063723204 0.04136891657200792 1.0385585580069854
v 1.2111897795113353 0.4548393908903834 -0.2417177620328913
v 0.41794927372638957 0.4548393908903834 -0.06586057570818271
v 0.7017797005873745 0.04136891657200792 1.2144157443316939
v 0.41794927372638957 0.4548393908903834 -0.06586057570818271
v 0.7017797005873745 0.04136891657200792 1.2144157443316939
vt 0.375 0.5546875
vt 0.4765625 0.5546875
vt 0.4765625 0.5546875
vt 0.375 0.5546875
vt 0.203125 0.5546875
vt 0.375 0.5546875
vt 0.375 0.5546875
vt 0.203125 0.5546875
vt 0.6484375 0.5546875
vt 0.75 0.5546875
vt 0.75 0.5546875
vt 0.6484375 0.5546875
vt 0.4765625 0.5546875
vt 0.6484375 0.5546875
vt 0.6484375 0.5546875
vt 0.4765625 0.5546875
vt 0.4765625 0.5546875
vt 0.375 0.5546875
vt 0.375 0.7265625
vt 0.4765625 0.7265625
vt 0.578125 0.7265625
vt 0.4765625 0.7265625
vt 0.4765625 0.5546875
vt 0.578125 0.5546875
vn -0.20642212862617093 0.3007057995042731 -0.9311100509380923
vn 0.9762960071199334 0 -0.21643961393810285
vn 0.20642212862617093 -0.3007057995042731 0.9311100509380923
vn -0.9762960071199334 0 0.21643961393810285
vn 0.06508464715365345 0.953716950748227 0.2935778713738291
vn -0.06508464715365345 -0.953716950748227 -0.2935778713738291
usemtl m_d3fa9dd5-3e9e-ab31-450a-a575b78dccb0
f 52/148/37 55/147/37 53/146/37 50/145/37
f 51/152/38 52/151/38 50/150/38 49/149/38
f 56/156/39 51/155/39 49/154/39 54/153/39
f 55/160/40 56/159/40 54/158/40 53/157/40
f 54/164/41 49/163/41 50/162/41 53/161/41
f 55/168/42 52/167/42 51/166/42 56/165/42
o cube
v -0.6867795443500341 0.09775125397905904 1.2562722237189043
v -0.40294911748904916 0.5112217282974347 -0.024004096320972113
v -0.6867795443500341 0.09775125397905904 1.2562722237189043
v -0.40294911748904916 0.5112217282974347 -0.024004096320972113
v -1.196189623273995 0.5112217282974347 -0.1998612826456807
v -1.4800200501349798 0.09775125397905904 1.0804150373941959
v -1.196189623273995 0.5112217282974347 -0.1998612826456807
v -1.4800200501349798 0.09775125397905904 1.0804150373941959
vt 0.171875 0.5546875
vt 0.2734375 0.5546875
vt 0.2734375 0.5546875
vt 0.171875 0.5546875
vt 0 0.5546875
vt 0.171875 0.5546875
vt 0.171875 0.5546875
vt 0 0.5546875
vt 0.4453125 0.5546875
vt 0.546875 0.5546875
vt 0.546875 0.5546875
vt 0.4453125 0.5546875
vt 0.2734375 0.5546875
vt 0.4453125 0.5546875
vt 0.4453125 0.5546875
vt 0.2734375 0.5546875
vt 0.2734375 0.5546875
vt 0.171875 0.5546875
vt 0.171875 0.7265625
vt 0.2734375 0.7265625
vt 0.375 0.7265625
vt 0.2734375 0.7265625
vt 0.2734375 0.5546875
vt 0.375 0.5546875
vn 0.20642212862617093 0.3007057995042731 -0.9311100509380923
vn 0.9762960071199334 0 0.21643961393810285
vn -0.20642212862617093 -0.3007057995042731 0.9311100509380923
vn -0.9762960071199334 0 -0.21643961393810285
vn -0.06508464715365343 0.953716950748227 0.2935778713738291
vn 0.06508464715365343 -0.953716950748227 -0.2935778713738291
usemtl m_d3fa9dd5-3e9e-ab31-450a-a575b78dccb0
f 60/172/43 63/171/43 61/170/43 58/169/43
f 59/176/44 60/175/44 58/174/44 57/173/44
f 64/180/45 59/179/45 57/178/45 62/177/45
f 63/184/46 64/183/46 62/182/46 61/181/46
f 62/188/47 57/187/47 58/186/47 61/185/47
f 63/192/48 60/191/48 59/190/48 64/189/48
o cube
v 0.25 0.625 -1
v 0.25 0.625 -1.5
v 0.25 0.125 -1
v 0.25 0.125 -1.5
v -0.25 0.625 -1.5
v -0.25 0.625 -1
v -0.25 0.125 -1.5
v -0.25 0.125 -1
vt 0.15625 0.1953125
vt 0.234375 0.1953125
vt 0.234375 0.1171875
vt 0.15625 0.1171875
vt 0.078125 0.1953125
vt 0.15625 0.1953125
vt 0.15625 0.1171875
vt 0.078125 0.1171875
vt 0.3125 0.1953125
vt 0.390625 0.1953125
vt 0.390625 0.1171875
vt 0.3125 0.1171875
vt 0.234375 0.1953125
vt 0.3125 0.1953125
vt 0.3125 0.1171875
vt 0.234375 0.1171875
vt 0.234375 0.1953125
vt 0.15625 0.1953125
vt 0.15625 0.2734375
vt 0.234375 0.2734375
vt 0.3125 0.2734375
vt 0.234375 0.2734375
vt 0.234375 0.1953125
vt 0.3125 0.1953125
vn 0 0 -1
vn 1 0 0
vn 0 0 1
vn -1 0 0
vn 0 1 0
vn 0 -1 0
usemtl m_d3fa9dd5-3e9e-ab31-450a-a575b78dccb0
f 68/196/49 71/195/49 69/194/49 66/193/49
f 67/200/50 68/199/50 66/198/50 65/197/50
f 72/204/51 67/203/51 65/202/51 70/201/51
f 71/208/52 72/207/52 70/206/52 69/205/52
f 70/212/53 65/211/53 66/210/53 69/209/53
f 71/216/54 68/215/54 67/214/54 72/213/54
o cube
v 0.25 0.625 -1
v 0.25 0.625 -1.5
v 0.25 0.125 -1
v 0.25 0.125 -1.5
v -0.25 0.625 -1.5
v -0.25 0.625 -1
v -0.25 0.125 -1.5
v -0.25 0.125 -1
vt 0.5390625 0.1953125
vt 0.6171875 0.1953125
vt 0.6171875 0.1171875
vt 0.5390625 0.1171875
vt 0.4609375 0.1953125
vt 0.5390625 0.1953125
vt 0.5390625 0.1171875
vt 0.4609375 0.1171875
vt 0.6953125 0.1953125
vt 0.7734375 0.1953125
vt 0.7734375 0.1171875
vt 0.6953125 0.1171875
vt 0.6171875 0.1953125
vt 0.6953125 0.1953125
vt 0.6953125 0.1171875
vt 0.6171875 0.1171875
vt 0.6171875 0.1953125
vt 0.5390625 0.1953125
vt 0.5390625 0.2734375
vt 0.6171875 0.2734375
vt 0.6953125 0.2734375
vt 0.6171875 0.2734375
vt 0.6171875 0.1953125
vt 0.6953125 0.1953125
vn 0 0 -1
vn 1 0 0
vn 0 0 1
vn -1 0 0
vn 0 1 0
vn 0 -1 0
usemtl m_d3fa9dd5-3e9e-ab31-450a-a575b78dccb0
f 76/220/55 79/219/55 77/218/55 74/217/55
f 75/224/56 76/223/56 74/222/56 73/221/56
f 80/228/57 75/227/57 73/226/57 78/225/57
f 79/232/58 80/231/58 78/230/58 77/229/58
f 78/236/59 73/235/59 74/234/59 77/233/59
f 79/240/60 76/239/60 75/238/60 80/237/60