world: world
x: 6442.735014694201
y: 69.0
z: -3269.7287772270342
yaw: 90.91984
pitch: 1.482156
name: mushroom
lastowner: ca6b413d-2214-3ecc-8fc5-01eeea5b7cb6
