world: world
x: -2756.69303984256
y: 67.0
z: -570.44768994175
yaw: 87.503975
pitch: 16.456953
name: ocean
lastowner: ca6b413d-2214-3ecc-8fc5-01eeea5b7cb6
