world: world_underworld
x: -4156.007370790272
y: 71.1805851684476
z: 4562.3183217178475
yaw: 164.25354
pitch: -4.650018
name: testHell
lastowner: ca6b413d-2214-3ecc-8fc5-01eeea5b7cb6
