# Made in Blockbench 4.10.0
mtllib head.mtl

o cube
v 0.5625 0.6875 0.9375
v 0.5625 0.6875 -0.5625
v 0.5625 0 0.9375
v 0.5625 0 -0.5625
v -0.5 0.6875 -0.5625
v -0.5 0.6875 0.9375
v -0.5 0 -0.5625
v -0.5 0 0.9375
vt 0.1875 0.8125
vt 0.3203125 0.8125
vt 0.3203125 0.7265625
vt 0.1875 0.7265625
vt 0 0.8125
vt 0.1875 0.8125
vt 0.1875 0.7265625
vt 0 0.7265625
vt 0.5078125 0.8125
vt 0.640625 0.8125
vt 0.640625 0.7265625
vt 0.5078125 0.7265625
vt 0.3203125 0.8125
vt 0.5078125 0.8125
vt 0.5078125 0.7265625
vt 0.3203125 0.7265625
vt 0.3203125 0.8125
vt 0.1875 0.8125
vt 0.1875 1
vt 0.3203125 1
vt 0.453125 1
vt 0.3203125 1
vt 0.3203125 0.8125
vt 0.453125 0.8125
vn 0 0 -1
vn 1 0 0
vn 0 0 1
vn -1 0 0
vn 0 1 0
vn 0 -1 0
usemtl m_a1daf287-7335-58bd-31ed-43c7b020d384
f 4/4/1 7/3/1 5/2/1 2/1/1
f 3/8/2 4/7/2 2/6/2 1/5/2
f 8/12/3 3/11/3 1/10/3 6/9/3
f 7/16/4 8/15/4 6/14/4 5/13/4
f 6/20/5 1/19/5 2/18/5 5/17/5
f 7/24/6 4/23/6 3/22/6 8/21/6
o cube
v -0.6978491986469445 0.625 1.4475335541640257
v -0.363001195327491 0.625 0.6391389632166498
v -0.6978491986469445 0 1.4475335541640257
v -0.363001195327491 0 0.6391389632166498
v -0.4784861368914018 0.625 0.5913035341710136
v -0.8133341402108554 0.625 1.3996981251183895
v -0.4784861368914018 0 0.5913035341710136
v -0.8133341402108554 0 1.3996981251183895
vt 0.25 0.4453125
vt 0.265625 0.4453125
vt 0.265625 0.3671875
vt 0.25 0.3671875
vt 0.140625 0.4453125
vt 0.25 0.4453125
vt 0.25 0.3671875
vt 0.140625 0.3671875
vt 0.375 0.4453125
vt 0.390625 0.4453125
vt 0.390625 0.3671875
vt 0.375 0.3671875
vt 0.265625 0.4453125
vt 0.375 0.4453125
vt 0.375 0.3671875
vt 0.265625 0.3671875
vt 0.265625 0.4453125
vt 0.25 0.4453125
vt 0.25 0.5546875
vt 0.265625 0.5546875
vt 0.28125 0.5546875
vt 0.265625 0.5546875
vt 0.265625 0.4453125
vt 0.28125 0.4453125
vn 0.3826834323650897 0 -0.9238795325112867
vn 0.9238795325112867 0 0.3826834323650897
vn -0.3826834323650897 0 0.9238795325112867
vn -0.9238795325112867 0 -0.3826834323650897
vn 0 1 0
vn 0 -1 0
usemtl m_a1daf287-7335-58bd-31ed-43c7b020d384
f 12/28/7 15/27/7 13/26/7 10/25/7
f 11/32/8 12/31/8 10/30/8 9/29/8
f 16/36/9 11/35/9 9/34/9 14/33/9
f 15/40/10 16/39/10 14/38/10 13/37/10
f 14/44/11 9/43/11 10/42/11 13/41/11
f 15/48/12 12/47/12 11/46/12 16/45/12
o cube
v 0.8710766109928108 0.625 1.3757804105955713
v 0.5362286076733573 0.625 0.5673858196481953
v 0.8710766109928108 0 1.3757804105955713
v 0.5362286076733573 0 0.5673858196481953
v 0.42074366610944636 0.625 0.6152212486938315
v 0.7555916694288998 0.625 1.4236158396412075
v 0.42074366610944636 0 0.6152212486938315
v 0.7555916694288998 0 1.4236158396412075
vt 0.109375 0.5546875
vt 0.125 0.5546875
vt 0.125 0.4765625
vt 0.109375 0.4765625
vt 0 0.5546875
vt 0.109375 0.5546875
vt 0.109375 0.4765625
vt 0 0.4765625
vt 0.234375 0.5546875
vt 0.25 0.5546875
vt 0.25 0.4765625
vt 0.234375 0.4765625
vt 0.125 0.5546875
vt 0.234375 0.5546875
vt 0.234375 0.4765625
vt 0.125 0.4765625
vt 0.125 0.5546875
vt 0.109375 0.5546875
vt 0.109375 0.6640625
vt 0.125 0.6640625
vt 0.140625 0.6640625
vt 0.125 0.6640625
vt 0.125 0.5546875
vt 0.140625 0.5546875
vn -0.3826834323650897 0 -0.9238795325112867
vn 0.9238795325112867 0 -0.3826834323650897
vn 0.3826834323650897 0 0.9238795325112867
vn -0.9238795325112867 0 0.3826834323650897
vn 0 1 0
vn 0 -1 0
usemtl m_a1daf287-7335-58bd-31ed-43c7b020d384
f 20/52/13 23/51/13 21/50/13 18/49/13
f 19/56/14 20/55/14 18/54/14 17/53/14
f 24/60/15 19/59/15 17/58/15 22/57/15
f 23/64/16 24/63/16 22/62/16 21/61/16
f 22/68/17 17/67/17 18/66/17 21/65/17
f 23/72/18 20/71/18 19/70/18 24/69/18
o cube
v -0.5343632529233211 0.3795943577726052 -0.11969841558591915
v -0.12089277860494568 0.040189205847832365 -1.3863756869198054
v -0.5343632529233211 0.3795943577726052 -0.11969841558591915
v -0.12089277860494568 0.040189205847832365 -1.3863756869198054
v -0.8957878010878801 -0.02304635930831256 -1.6223740289278703
v -1.3092582754062556 0.3163587926164604 -0.35569675759398406
v -0.8957878010878801 -0.02304635930831256 -1.6223740289278703
v -1.3092582754062556 0.3163587926164604 -0.35569675759398406
vt 0.375 0.5546875
vt 0.4765625 0.5546875
vt 0.4765625 0.5546875
vt 0.375 0.5546875
vt 0.203125 0.5546875
vt 0.375 0.5546875
vt 0.375 0.5546875
vt 0.203125 0.5546875
vt 0.6484375 0.5546875
vt 0.75 0.5546875
vt 0.75 0.5546875
vt 0.6484375 0.5546875
vt 0.4765625 0.5546875
vt 0.6484375 0.5546875
vt 0.6484375 0.5546875
vt 0.4765625 0.5546875
vt 0.4765625 0.5546875
vt 0.375 0.5546875
vt 0.375 0.7265625
vt 0.4765625 0.7265625
vt 0.578125 0.7265625
vt 0.4765625 0.7265625
vt 0.4765625 0.5546875
vt 0.578125 0.5546875
vn 0.3007057995042731 -0.2468401104907439 -0.9212198336973718
vn 0.953716950748227 0.07782838788448601 0.2904594978560799
vn -0.3007057995042731 0.2468401104907439 0.9212198336973718
vn -0.953716950748227 -0.07782838788448601 -0.2904594978560799
vn 0 0.9659258262890683 -0.25881904510252074
vn 0 -0.9659258262890683 0.25881904510252074
usemtl m_a1daf287-7335-58bd-31ed-43c7b020d384
f 28/76/19 31/75/19 29/74/19 26/73/19
f 27/80/20 28/79/20 26/78/20 25/77/20
f 32/84/21 27/83/21 25/82/21 30/81/21
f 31/88/22 32/87/22 30/86/22 29/85/22
f 30/92/23 25/91/23 26/90/23 29/89/23
f 31/96/24 28/95/24 27/94/24 32/93/24
o cube
v 1.3092582754062556 0.3163587926164604 -0.35569675759398406
v 0.8957878010878801 -0.02304635930831256 -1.6223740289278703
v 1.3092582754062556 0.3163587926164604 -0.35569675759398406
v 0.8957878010878801 -0.02304635930831256 -1.6223740289278703
v 0.12089277860494563 0.040189205847832365 -1.3863756869198054
v 0.5343632529233211 0.3795943577726052 -0.11969841558591915
v 0.12089277860494563 0.040189205847832365 -1.3863756869198054
v 0.5343632529233211 0.3795943577726052 -0.11969841558591915
vt 0.4765625 0.5546875
vt 0.375 0.5546875
vt 0.375 0.5546875
vt 0.4765625 0.5546875
vt 0.6484375 0.5546875
vt 0.4765625 0.5546875
vt 0.4765625 0.5546875
vt 0.6484375 0.5546875
vt 0.75 0.5546875
vt 0.6484375 0.5546875
vt 0.6484375 0.5546875
vt 0.75 0.5546875
vt 0.375 0.5546875
vt 0.203125 0.5546875
vt 0.203125 0.5546875
vt 0.375 0.5546875
vt 0.375 0.5546875
vt 0.4765625 0.5546875
vt 0.4765625 0.7265625
vt 0.375 0.7265625
vt 0.4765625 0.7265625
vt 0.578125 0.7265625
vt 0.578125 0.5546875
vt 0.4765625 0.5546875
vn -0.3007057995042731 -0.2468401104907439 -0.9212198336973718
vn 0.953716950748227 -0.07782838788448601 -0.2904594978560799
vn 0.3007057995042731 0.2468401104907439 0.9212198336973718
vn -0.953716950748227 0.07782838788448601 0.2904594978560799
vn 0 0.9659258262890683 -0.25881904510252074
vn 0 -0.9659258262890683 0.25881904510252074
usemtl m_a1daf287-7335-58bd-31ed-43c7b020d384
f 36/100/25 39/99/25 37/98/25 34/97/25
f 35/104/26 36/103/26 34/102/26 33/101/26
f 40/108/27 35/107/27 33/106/27 38/105/27
f 39/112/28 40/111/28 38/110/28 37/109/28
f 38/116/29 33/115/29 34/114/29 37/113/29
f 39/120/30 36/119/30 35/118/30 40/117/30
o cube
v 1.1814630607176204 0.5 0.0008063252816716826
v 1.479067529882512 0.5 -1.3416006845082367
v 1.1814630607176204 0.5 0.0008063252816716826
v 1.479067529882512 0.5 -1.3416006845082367
v 0.6858270240975661 0.5 -1.5174578708329454
v 0.38822255493267466 0.5 -0.1750508610430369
v 0.6858270240975661 0.5 -1.5174578708329454
v 0.38822255493267466 0.5 -0.1750508610430369
vt 0.171875 0.5546875
vt 0.2734375 0.5546875
vt 0.2734375 0.5546875
vt 0.171875 0.5546875
vt 0 0.5546875
vt 0.171875 0.5546875
vt 0.171875 0.5546875
vt 0 0.5546875
vt 0.4453125 0.5546875
vt 0.546875 0.5546875
vt 0.546875 0.5546875
vt 0.4453125 0.5546875
vt 0.2734375 0.5546875
vt 0.4453125 0.5546875
vt 0.4453125 0.5546875
vt 0.2734375 0.5546875
vt 0.2734375 0.5546875
vt 0.171875 0.5546875
vt 0.171875 0.7265625
vt 0.2734375 0.7265625
vt 0.375 0.7265625
vt 0.2734375 0.7265625
vt 0.2734375 0.5546875
vt 0.375 0.5546875
vn 0.21643961393810288 0 -0.9762960071199334
vn 0.9762960071199334 0 0.21643961393810288
vn -0.21643961393810288 0 0.9762960071199334
vn -0.9762960071199334 0 -0.21643961393810288
vn 0 1 0
vn 0 -1 0
usemtl m_a1daf287-7335-58bd-31ed-43c7b020d384
f 44/124/31 47/123/31 45/122/31 42/121/31
f 43/128/32 44/127/32 42/126/32 41/125/32
f 48/132/33 43/131/33 41/130/33 46/129/33
f 47/136/34 48/135/34 46/134/34 45/133/34
f 46/140/35 41/139/35 42/138/35 45/137/35
f 47/144/36 44/143/36 43/142/36 48/141/36
o cube
v -0.37134412019934704 0.5 -0.20843497364615227
v -0.6689485893642384 0.5 -1.5508419834360607
v -0.37134412019934704 0.5 -0.20843497364615227
v -0.6689485893642384 0.5 -1.5508419834360607
v -1.4621890951491843 0.5 -1.374984797111352
v -1.164584625984293 0.5 -0.032577787321443674
v -1.4621890951491843 0.5 -1.374984797111352
v -1.164584625984293 0.5 -0.032577787321443674
vt 0.375 0.5546875
vt 0.4765625 0.5546875
vt 0.4765625 0.5546875
vt 0.375 0.5546875
vt 0.203125 0.5546875
vt 0.375 0.5546875
vt 0.375 0.5546875
vt 0.203125 0.5546875
vt 0.6484375 0.5546875
vt 0.75 0.5546875
vt 0.75 0.5546875
vt 0.6484375 0.5546875
vt 0.4765625 0.5546875
vt 0.6484375 0.5546875
vt 0.6484375 0.5546875
vt 0.4765625 0.5546875
vt 0.4765625 0.5546875
vt 0.375 0.5546875
vt 0.375 0.7265625
vt 0.4765625 0.7265625
vt 0.578125 0.7265625
vt 0.4765625 0.7265625
vt 0.4765625 0.5546875
vt 0.578125 0.5546875
vn -0.21643961393810288 0 -0.9762960071199334
vn 0.9762960071199334 0 -0.21643961393810288
vn 0.21643961393810288 0 0.9762960071199334
vn -0.9762960071199334 0 0.21643961393810288
vn 0 1 0
vn 0 -1 0
usemtl m_a1daf287-7335-58bd-31ed-43c7b020d384
f 52/148/37 55/147/37 53/146/37 50/145/37
f 51/152/38 52/151/38 50/150/38 49/149/38
f 56/156/39 51/155/39 49/154/39 54/153/39
f 55/160/40 56/159/40 54/158/40 53/157/40
f 54/164/41 49/163/41 50/162/41 53/161/41
f 55/168/42 52/167/42 51/166/42 56/165/42