# Made in Blockbench 4.7.4
mtllib custom_model.mtl

o cube
v 0.4057175335193912 0.5625 0.34720243806019213
v 1.462871731903538 0.5625 0.7319750993015695
v 0.4057175335193912 0.125 0.34720243806019213
v 1.462871731903538 0.125 0.7319750993015695
v 1.5697530266928097 0.5625 0.43832115530597315
v 0.5125988283086627 0.5625 0.05354849406459583
v 1.5697530266928097 0.125 0.43832115530597315
v 0.5125988283086627 0.125 0.05354849406459583
vt 0.140625 0.6015625
vt 0.1796875 0.6015625
vt 0.1796875 0.546875
vt 0.140625 0.546875
vt 0 0.6015625
vt 0.140625 0.6015625
vt 0.140625 0.546875
vt 0 0.546875
vt 0.3203125 0.6015625
vt 0.359375 0.6015625
vt 0.359375 0.546875
vt 0.3203125 0.546875
vt 0.1796875 0.6015625
vt 0.3203125 0.6015625
vt 0.3203125 0.546875
vt 0.1796875 0.546875
vt 0.1796875 0.6015625
vt 0.140625 0.6015625
vt 0.140625 0.7421875
vt 0.1796875 0.7421875
vt 0.21875 0.7421875
vt 0.1796875 0.7421875
vt 0.1796875 0.6015625
vt 0.21875 0.6015625
vn 0.9396926207859083 0 0.34202014332566877
vn -0.34202014332566877 0 0.9396926207859083
vn -0.9396926207859083 0 -0.34202014332566877
vn 0.34202014332566877 0 -0.9396926207859083
vn 0 1 0
vn 0 -1 0
usemtl m_329367b7-722c-96f6-de29-a058950c3310
f 4/4/1 7/3/1 5/2/1 2/1/1
f 3/8/2 4/7/2 2/6/2 1/5/2
f 8/12/3 3/11/3 1/10/3 6/9/3
f 7/16/4 8/15/4 6/14/4 5/13/4
f 6/20/5 1/19/5 2/18/5 5/17/5
f 7/24/6 4/23/6 3/22/6 8/21/6
o cube
v 1.3976312754723836 0.5 0.6025222550424498
v 0.9331630077366171 0.5 1.1094004240994102
v 1.3976312754723836 0.1875 0.6025222550424498
v 0.9331630077366171 0.1875 1.1094004240994102
v 1.0714025083885153 0.5 1.2360735880273461
v 1.5358707761242818 0.5 0.729195418970386
v 1.0714025083885153 0.1875 1.2360735880273461
v 1.5358707761242818 0.1875 0.729195418970386
vt 0.5 0.9140625
vt 0.5234375 0.9140625
vt 0.5234375 0.875
vt 0.5 0.875
vt 0.4140625 0.9140625
vt 0.5 0.9140625
vt 0.5 0.875
vt 0.4140625 0.875
vt 0.609375 0.9140625
vt 0.6328125 0.9140625
vt 0.6328125 0.875
vt 0.609375 0.875
vt 0.5234375 0.9140625
vt 0.609375 0.9140625
vt 0.609375 0.875
vt 0.5234375 0.875
vt 0.5234375 0.9140625
vt 0.5 0.9140625
vt 0.5 1
vt 0.5234375 1
vt 0.546875 1
vt 0.5234375 1
vt 0.5234375 0.9140625
vt 0.546875 0.9140625
vn -0.6755902076156604 0 0.7372773368101241
vn -0.7372773368101241 0 -0.6755902076156604
vn 0.6755902076156604 0 -0.7372773368101241
vn 0.7372773368101241 0 0.6755902076156604
vn 0 1 0
vn 0 -1 0
usemtl m_329367b7-722c-96f6-de29-a058950c3310
f 12/28/7 15/27/7 13/26/7 10/25/7
f 11/32/8 12/31/8 10/30/8 9/29/8
f 16/36/9 11/35/9 9/34/9 14/33/9
f 15/40/10 16/39/10 14/38/10 13/37/10
f 14/44/11 9/43/11 10/42/11 13/41/11
f 15/48/12 12/47/12 11/46/12 16/45/12
o cube
v 0.22434287238751005 0.5625 -0.25090142607988775
v 1.1053047043742992 0.5625 0.06974245828792669
v 0.22434287238751005 0 -0.25090142607988775
v 1.1053047043742992 0 0.06974245828792669
v 1.2121859991635706 0.5625 -0.22391148570766967
v 0.3312241671767815 0.5625 -0.5445553700754842
v 1.2121859991635706 0 -0.22391148570766967
v 0.3312241671767815 0 -0.5445553700754842
vt 0.5546875 0.625
vt 0.59375 0.625
vt 0.59375 0.5546875
vt 0.5546875 0.5546875
vt 0.4375 0.625
vt 0.5546875 0.625
vt 0.5546875 0.5546875
vt 0.4375 0.5546875
vt 0.7109375 0.625
vt 0.75 0.625
vt 0.75 0.5546875
vt 0.7109375 0.5546875
vt 0.59375 0.625
vt 0.7109375 0.625
vt 0.7109375 0.5546875
vt 0.59375 0.5546875
vt 0.59375 0.625
vt 0.5546875 0.625
vt 0.5546875 0.7421875
vt 0.59375 0.7421875
vt 0.6328125 0.7421875
vt 0.59375 0.7421875
vt 0.59375 0.625
vt 0.6328125 0.625
vn 0.9396926207859083 0 0.34202014332566877
vn -0.34202014332566877 0 0.9396926207859083
vn -0.9396926207859083 0 -0.34202014332566877
vn 0.34202014332566877 0 -0.9396926207859083
vn 0 1 0
vn 0 -1 0
usemtl m_329367b7-722c-96f6-de29-a058950c3310
f 20/52/13 23/51/13 21/50/13 18/49/13
f 19/56/14 20/55/14 18/54/14 17/53/14
f 24/60/15 19/59/15 17/58/15 22/57/15
f 23/64/16 24/63/16 22/62/16 21/61/16
f 22/68/17 17/67/17 18/66/17 21/65/17
f 23/72/18 20/71/18 19/70/18 24/69/18
o cube
v -0.3774248869675185 0.5625 -0.5136150841803188
v -1.2270884373143778 0.5625 -0.11741046379841286
v -0.3774248869675185 0 -0.5136150841803188
v -1.2270884373143778 0 -0.11741046379841286
v -1.095020230520409 0.5625 0.16581071965054028
v -0.2453566801735499 0.5625 -0.23039390073136562
v -1.095020230520409 0 0.16581071965054028
v -0.2453566801735499 0 -0.23039390073136562
vt 0.1171875 0.4296875
vt 0.15625 0.4296875
vt 0.15625 0.359375
vt 0.1171875 0.359375
vt 0 0.4296875
vt 0.1171875 0.4296875
vt 0.1171875 0.359375
vt 0 0.359375
vt 0.2734375 0.4296875
vt 0.3125 0.4296875
vt 0.3125 0.359375
vt 0.2734375 0.359375
vt 0.15625 0.4296875
vt 0.2734375 0.4296875
vt 0.2734375 0.359375
vt 0.15625 0.359375
vt 0.15625 0.4296875
vt 0.1171875 0.4296875
vt 0.1171875 0.546875
vt 0.15625 0.546875
vt 0.1953125 0.546875
vt 0.15625 0.546875
vt 0.15625 0.4296875
vt 0.1953125 0.4296875
vn -0.9063077870366499 0 0.4226182617406996
vn -0.4226182617406996 0 -0.9063077870366499
vn 0.9063077870366499 0 -0.4226182617406996
vn 0.4226182617406996 0 0.9063077870366499
vn 0 1 0
vn 0 -1 0
usemtl m_329367b7-722c-96f6-de29-a058950c3310
f 28/76/19 31/75/19 29/74/19 26/73/19
f 27/80/20 28/79/20 26/78/20 25/77/20
f 32/84/21 27/83/21 25/82/21 30/81/21
f 31/88/22 32/87/22 30/86/22 29/85/22
f 30/92/23 25/91/23 26/90/23 29/89/23
f 31/96/24 28/95/24 27/94/24 32/93/24
o cube
v -0.5059811762359124 0.5625 0.0980206574907686
v -1.5255774366521437 0.5625 0.5734662019490555
v -0.5059811762359124 0.125 0.0980206574907686
v -1.5255774366521437 0.125 0.5734662019490555
v -1.393509229858175 0.5625 0.8566873853980086
v -0.3739129694419438 0.5625 0.3812418409397217
v -1.393509229858175 0.125 0.8566873853980086
v -0.3739129694419438 0.125 0.3812418409397217
vt 0.359375 0.546875
vt 0.3984375 0.546875
vt 0.3984375 0.4921875
vt 0.359375 0.4921875
vt 0.21875 0.546875
vt 0.359375 0.546875
vt 0.359375 0.4921875
vt 0.21875 0.4921875
vt 0.5390625 0.546875
vt 0.578125 0.546875
vt 0.578125 0.4921875
vt 0.5390625 0.4921875
vt 0.3984375 0.546875
vt 0.5390625 0.546875
vt 0.5390625 0.4921875
vt 0.3984375 0.4921875
vt 0.3984375 0.546875
vt 0.359375 0.546875
vt 0.359375 0.6875
vt 0.3984375 0.6875
vt 0.4375 0.6875
vt 0.3984375 0.6875
vt 0.3984375 0.546875
vt 0.4375 0.546875
vn -0.9063077870366499 0 0.4226182617406996
vn -0.4226182617406996 0 -0.9063077870366499
vn 0.9063077870366499 0 -0.4226182617406996
vn 0.4226182617406996 0 0.9063077870366499
vn 0 1 0
vn 0 -1 0
usemtl m_329367b7-722c-96f6-de29-a058950c3310
f 36/100/25 39/99/25 37/98/25 34/97/25
f 35/104/26 36/103/26 34/102/26 33/101/26
f 40/108/27 35/107/27 33/106/27 38/105/27
f 39/112/28 40/111/28 38/110/28 37/109/28
f 38/116/29 33/115/29 34/114/29 37/113/29
f 39/120/30 36/119/30 35/118/30 40/117/30
o cube
v -1.4664727557805102 0.5 0.8602805685086217
v -0.9595945867235497 0.5 1.3247488362443882
v -1.4664727557805102 0.1875 0.8602805685086217
v -0.9595945867235497 0.1875 1.3247488362443882
v -0.8329214227956133 0.5 1.1865093355924898
v -1.3397995918525738 0.5 0.7220410678567233
v -0.8329214227956133 0.1875 1.1865093355924898
v -1.3397995918525738 0.1875 0.7220410678567233
vt 0.578125 0.46875
vt 0.6015625 0.46875
vt 0.6015625 0.4296875
vt 0.578125 0.4296875
vt 0.4921875 0.46875
vt 0.578125 0.46875
vt 0.578125 0.4296875
vt 0.4921875 0.4296875
vt 0.6875 0.46875
vt 0.7109375 0.46875
vt 0.7109375 0.4296875
vt 0.6875 0.4296875
vt 0.6015625 0.46875
vt 0.6875 0.46875
vt 0.6875 0.4296875
vt 0.6015625 0.4296875
vt 0.6015625 0.46875
vt 0.578125 0.46875
vt 0.578125 0.5546875
vt 0.6015625 0.5546875
vt 0.625 0.5546875
vt 0.6015625 0.5546875
vt 0.6015625 0.46875
vt 0.625 0.46875
vn 0.7372773368101241 0 0.6755902076156601
vn -0.6755902076156601 0 0.7372773368101241
vn -0.7372773368101241 0 -0.6755902076156601
vn 0.6755902076156601 0 -0.7372773368101241
vn 0 1 0
vn 0 -1 0
usemtl m_329367b7-722c-96f6-de29-a058950c3310
f 44/124/31 47/123/31 45/122/31 42/121/31
f 43/128/32 44/127/32 42/126/32 41/125/32
f 48/132/33 43/131/33 41/130/33 46/129/33
f 47/136/34 48/135/34 46/134/34 45/133/34
f 46/140/35 41/139/35 42/138/35 45/137/35
f 47/144/36 44/143/36 43/142/36 48/141/36
o cube
v -0.5349648630252645 0.75 -0.7899169863525916
v -0.4777144171082609 0.75 0.5213338044735969
v -0.5349648630252645 0 -0.7899169863525916
v -0.4777144171082609 0 0.5213338044735969
v 0.5213338044735969 0.75 0.4777144171082609
v 0.46408335855659333 0.75 -0.8335363737179277
v 0.5213338044735969 0 0.4777144171082609
v 0.46408335855659333 0 -0.8335363737179277
vt 0.1640625 0.8359375
vt 0.2890625 0.8359375
vt 0.2890625 0.7421875
vt 0.1640625 0.7421875
vt 0 0.8359375
vt 0.1640625 0.8359375
vt 0.1640625 0.7421875
vt 0 0.7421875
vt 0.453125 0.8359375
vt 0.578125 0.8359375
vt 0.578125 0.7421875
vt 0.453125 0.7421875
vt 0.2890625 0.8359375
vt 0.453125 0.8359375
vt 0.453125 0.7421875
vt 0.2890625 0.7421875
vt 0.2890625 0.8359375
vt 0.1640625 0.8359375
vt 0.1640625 1
vt 0.2890625 1
vt 0.4140625 1
vt 0.2890625 1
vt 0.2890625 0.8359375
vt 0.4140625 0.8359375
vn 0.043619387365336076 0 0.9990482215818579
vn -0.9990482215818579 0 0.043619387365336076
vn -0.043619387365336076 0 -0.9990482215818579
vn 0.9990482215818579 0 -0.043619387365336076
vn 0 1 0
vn 0 -1 0
usemtl m_329367b7-722c-96f6-de29-a058950c3310
f 52/148/37 55/147/37 53/146/37 50/145/37
f 51/152/38 52/151/38 50/150/38 49/149/38
f 56/156/39 51/155/39 49/154/39 54/153/39
f 55/160/40 56/159/40 54/158/40 53/157/40
f 54/164/41 49/163/41 50/162/41 53/161/41
f 55/168/42 52/167/42 51/166/42 56/165/42